image: orbit_map_corrected.pgm
resolution: 0.010000
origin: [-17.07000000, -3.04800000, 0.000000]
negate: 0
occupied_thresh: 0.65
free_thresh: 0.196
