image: precision_map.pgm
resolution: 0.002
origin: [-1.000000, -0.250000, 0.000000]
negate: 0
occupied_thresh: 0.65
free_thresh: 0.196
